1901	317	-333	047
1902	244	-328	022
1903	289	-306	048
1904	256	-294	033
1905	283	-328	043
1906	294	-250	047
1907	283	-350	032
1908	289	-378	029
1909	278	-378	027
1910	294	-372	036
1911	306	-378	031
1912	322	-411	017
1913	300	-372	030
1914	333	-378	030
1915	294	-411	005
1916	278	-289	021
1917	317	-478	023
1918	322	-450	031
1919	378	-428	028
1920	294	-344	044
1921	283	-417	034
1922	278	-400	027
1923	294	-394	027
1924	294	-456	038
1925	317	-378	038
1926	489	-422	038
1927	489	-400	076
1928	378	-239	076
1929	328	-400	095
1930	400	-311	109
