1901	317	-333	0467	+60450	+022267	+62167	+030650
1902	244	-328	0217	+62167	+030650	+61183	+022617
1903	289	-306	0482	+62167	+030650	+62167	+030650
1904	256	-294	0333	+60450	+022267	+61183	+022617
1905	283	-328	0433	+62167	+030650	+62167	+030650
1906	294	-250	0471	+61500	+023767	+65017	+025450
1907	283	-350	0318	+61500	+023767	+62900	+027667
1908	289	-378	0288	+61500	+023767	+69100	+027217
1909	278	-378	0266	+65017	+025450	+69100	+027217
1910	294	-372	0356	+62900	+027667	+69100	+027217
1911	306	-378	0307	+61500	+023767	+69100	+027217
1912	322	-411	0168	+60717	+028783	+65950	+029200
1913	300	-372	0300	+69100	+027217	+69100	+027217
1914	333	-378	0298	+60717	+028783	+69100	+027217
1915	294	-411	0051	+65017	+025450	+65950	+029200
1916	278	-289	0214	+64217	+027767	+64217	+027767
1917	317	-478	0229	+62233	+025733	+67367	+026650
1918	322	-450	0314	+61700	+030683	+67367	+026650
1919	378	-428	0276	+66600	-018017	+67367	+026650
1920	294	-344	0435	+62233	+025733	+67367	+026650
1921	283	-417	0341	+62233	+025733	+67367	+026650
1922	278	-400	0270	+62233	+025733	+67367	+026650
1923	294	-394	0268	+62233	+025733	+67367	+026650
1924	294	-456	0383	+62233	+025733	+67367	+026650
1925	317	-378	0379	+62233	+025733	+67367	+026650
1926	489	-422	0382	+49933	-006300	+48700	+006233
1927	489	-400	0758	+57167	-002100	+50133	+001850
1928	378	-239	0758	+41983	+021467	+56783	+027733
1929	328	-400	0947	+52483	+013433	+49817	+023950
1930	400	-311	1094	+48183	+011550	+52183	+020967